camada_1
entrada 5
saida  3
W
-3.975116 1.009192 1.067031 -1.705584 -2.018376
2.245501 0.786499 -0.562062 -5.300809 1.327079
1.612056 4.436861 1.134347 0.424188 0.350066
b
-1.851236 0.042645 -0.257842
ativacao sigmoid
--
camada_2
entrada 3
saida  4
W
-3.041213 3.285507 -1.303807
-0.071232 -5.437436 -3.747160
1.355301 -2.987315 6.096904
5.082338 2.940083 -4.025245
b
-0.740396 4.435899 -1.782674 -3.127860
ativacao sigmoid
--
camada_3
entrada 4
saida  7
W
-0.696952 -2.036478 -2.144864 4.869370
3.735352 0.109380 -6.373437 -0.325454
0.001803 5.986930 -2.774081 -4.282451
2.588862 -5.692474 -4.308370 -5.590112
-1.384687 2.727102 -2.926680 3.605862
-3.425811 1.914176 5.398833 -1.859461
0.982674 -5.756325 4.675847 -2.428154
b
-3.252121 -2.583903 -3.168262 0.674613 -4.422624 -4.742452 -2.928932
ativacao sigmoid
--
